    10834120
       73019
    11586007
     2876020
      650051
      603032
    11140041
    10682005
     8677032
    50613003
     7486007
      418026
     3470004
    12313043
     3047005
    10332086
    18943006
    14159027
    16834003
     8520036
    10830100
      165280
    11972003
    12777004
      347011
       45028
     7065077
     1735026
    11190026
      207020
    23702059
     1562014
     7655046
    10137007
     3544015
     9559014
     9585009
    10855209
     7635010
    23039010
    11419045
    10827420
    23478034
    11348057
    11192075
     2824036
    13888013
     5105006
     8226024
     6883289
    67173006
     8386016
     8515022
    23112027
     4109004
       21438
      131019
    15690015
      159418
     8917010
    10387191
     9348029
     8273013
     6409013
     8368014
     8802021
    12045007
    17568012
     9228002
    18117011
     1292002
     5686001
    21435003
     6931007
     6719030
     9718018
     9158032
     6865003
      164483
     7471053
    10916037
    10823435
      216017
    55413002
     3044056
    22571004
    12092089
     7222007
    13928023
    23717027
     7840041
    14750007
      326002
    12093065
    51333003
     2860023
    10825315
    66513004
    19055005
    14773020
     3150030
    17756004
    12040029
    11419287
     7480028
     9689005
     5110008
    10307004
     6675037
    12334043
    18667003
       18182
    14818004
    11820015
     8490029
    23549021
     8352008
     1712022
    18551007
    11312124
     7698002
    10543131
    18807003
    12374017
    10807038
    10535089
    12294050
    23440036
     9732010
    10896028
     7601002
     8484003
     8205018
     9455056
    16295013
    11143008
    11787012
     6679053
    15838015
     6990060
     9853027
    10349014
    14767002
     9365002
     6257022
    10447067
    14054006
    18531005
    14125003
       67135
    22408003
        1927
     7828016
     3173017
    11420093
    14772037
     6650004
    12929026
     6379012
      256002
    14637009
      360060
    34953002
    10269003
    11864004
     2735012
    10982085
      549183
     6820066
    13430016
     6005006
     9965037
     6658015
     6282006
     6459005
     6475018
      491048
    17218004
    10846003
    17286002
      115732
    11418235
    10696025
     8515002
     6907025
    11827007
    10666027
     9035001
    49233006
    19257004
    10797017
    12827025
    11362240
    12924003
    11410052
      457025
     7945014
     9722023
     9301031
     9566046
     1512034
     9425029
    18341024
    25085004
    27230004
     8693007
     7888001
     5518001
    14861010
     9560007
      113677
    23702008
     3226007
     7328006
     9127015
    23686013
     2256001
    10887021
      112003
     6588121
      669052
     9166003
     2825025
     8477006
    10575013
     8694002
    12494011
    11348261
     6771018
      149570
     5588004
    33923004
    10283009
    10222012
    21219002
     7275005
     8505004
    34413011
     3139010
      357005
     6731040
    17284002
    11299052
    15732026
     8634007
      150056
      146099
    38973002
      661218
    23111003
     6480086
    11362056
       20411
     6874001
    10700147
      983004
     7537026
    19471013
      506027
    10544045
       19434
     9982019
    10316007
     9519001
     5219003
     6598055
    36323002
      542076
     7575001
    23463037
     7528019
     8114013
    10982060
     9452025
    11475039
     6160002
    10957014
    10824249
     7004029
    14282002
     9433035
      502090
     3112027
    12880002
     8050012
      661054
      251096
      934002
     1605020
    15882005
     7661030
     7686012
    11647020
      540002
      661081
    17465003
    10908245
      140065
     8536022
     8394022
    11575002
     7429004
    22945004
     9369067
      332035
      199023
       90008
    10939042
    23236003
    47343003
      668001
    19482002
    14883009
    11375003
      265001
     9386001
        7266
      159219
     3792001
       62117
     8689001
     7471052
     9455004
    11506023
    10799017
    17583006
     7795031
     2622002
      257009
    12544032
     7448005
      669220
     1795009
     9195028
    10537010
    10541127
     7920016
     8224025
      193058
     6209004
    15093008
    10910027
    11624036
     9666042
     9022021
       42011
    14093023
    10966050
     6340013
    10830017
     6737028
      652036
     8469021
      235035
     1593029
    26869008
    10273011
    10381064
    12026029
     6672061
     7291025
     7823014
    10032001
     1807006
    21453003
    24998007
    12720010
     8933010
      165479
    10981035
     7466046
    13875006
    11579002
      164297
    11567061
     8588039
      583009
    18856014
     5903001
    23066005
    11877012
    10532197
     6469061
    13428005
     6881087
    11293252
    12212100
    10823154
       46031
     6954011
    12387071
    10827226
    10458019
    10829136
      149656
     3156019
    11633025
     8511079
     6512002
     3528015
    27034008
      208059
       99102
      521076
      173133
    68203012
      261017
    11779002
     6504006
     6792052
    11186010
    22929019
    10916197
     9557006
    14903003
    11412180
    11975019
     7810015
     3104012
    12663009
     8588068
     9431032
      146055
    13686017
    10779033
      271046
    19771018
     2862045
    12321041
     1525026
    10943023
    12481028
    15697014
    10116027
      151166
     7522018
     8897005
     6639006
    11821064
       28012
      203043
       10626
     3084015
    17520007
     8186001
     3706004
    16855011
     7468027
    16629008
    22418002
     2880003
     9999018
      377005
      193021
    11730005
    12824007
       10213
    12806005
     9597035
    13557004
     3611005
     9425058
      112004
      830001
    23247003
       28319
     8036042
    16910004
      207002
    17385009
    10025018
     3171002
     6364006
    11017007
    10704143
    22843004
     1524015
    13248002
      159734
    11451008
    23936009
     3960004
      113038
    15670014
    10828371
     1906007
     9325086
     9359007
     9766008
    16290009
    39263008
      160333
    10332152
     6610029
    12902029
     6824063
    12377010
     6973012
      442019
    12095021
     8220018
    12316011
    10658029
      177041
      384119
    18271013
    19045002
     2873104
    13846004
        4068
      652156
    10384007
     5877006
    46973006
       16418
    11299008
    10854214
     9428054
     3152053
    11734014
     8137017
    19601010
    10830033
    14232014
      340077
    49063009
     6927045
    11419214
     9122014
    10411066
     7941010
        7631
     8054009
    15468006
    10510003
     3400010
    11146006
     7003145
    11224002
     9705087
     7655029
       20389
     7483005
    17514013
       99220
    10910155
     8414017
     2912002
    22390005
    10828106
    24373002
    10566011
     7465041
     7648061
     8820022
     7544021
    11363256
    13726011
    11415232
    10908010
    10358013
    28193002
      542017
     3674001
     9700089
    11094005
     2676007
    11959014
     6803016
    11308073
    23891006
    26176009
    15380004
    11415008
    13980006
    12578018
    14308002
     6801047
    23717019
    13976016
     7020002
     7959001
    19316005
    13044018
      149294
    14969008
      276050
     9724016
       13649
    16226004
      886005
    10384038
     3412026
      578003
    11155006
     4211006
      345056
     5986015
    10832197
    12764028
    11362234
    10459007
     7452002
     3037044
     9179006
     6665017
    16087007
     7048001
     7861008
      159727
      548097
    10537020
    23523018
     6588038
     9131035
       11016
     7768004
     2098010
    12094096
      219034
    23484019
    13903008
     6579050
    40143002
      610003
     1082009
      108020
     8002001
     6483015
    14314014
     2878027
    12049014
     7524004
       12914
    15089003
    14864023
    10946026
     8341134
     8430035
    10758003
    24962002
    11189074
    23628011
    19690003
    23629041
      669048
      604019
     1517020
      155241
    12927008
    10938034
      113735
      606066
      243078
    17268002
     3122015
     7714012
     3564013
    21690005
    24930003
    33813005
     6368149
    11360068
    15736030
    24278003
     5019004
    12335098
    10635018
      119220
    14308015
    18528004
     9407006
    11366153
      160427
     1528035
    10066021
    17684003
    13097002
    10979085
       10225
    18341030
    10414087
     7479010
     9853004
     3332005
     5790001
      420003
     6771042
     2813047
     9979023
     7258008
    10823238
    10378080
    10446115
    12984015
    11428035
     3803010
      119110
     2931020
     7866019
    11421079
    10384204
    23295032
    11392003
     9235048
    10690139
     3517004
    20050003
    10837024
     5404003
    14607011
     6813057
    12218019
    10310050
      548010
    15177002
    12313092
    10661027
      669079
    14960002
     1609004
        9754
     2667003
    11959016
    12450022
    12036022
    11515002
     6979005
    10702205
     4879001
    21650003
    22978005
    11415104
    10555003
    14579002
    22867024
     3017052
     7190014
     2846038
     8772065
       50061
     9706090
     6292013
     7453015
     1739005
    12208057
     9395086
    20777009
    11187021
        3049
     1551014
      155637
     7065033
    12491027
      183005
    10282007
    16299005
    10582006
     3359004
    10689170
       12880
     6591061
     3311027
     6312105
     1595014
    10877005
      304008
     8802002
     6084005
     5557003
      197031
     6409043
    10857048
      342087
    21111002
    16022010
     6410009
    12079037
     7089006
      159542
    12211005
     2888027
     7564019
     7670016
      211014
    11482002
    10988011
     8166011
    39783002
      170012
     9815014
    24281005
     8983029
    11411243
    10356058
    10830078
       42671
     1706004
     5561008
     3014020
    12764021
     8819004
    10543093
    13564004
    10411098
     6525060
    16354004
       27188
     9270001
    23453025
     2945019
       28047
    11211004
     8133011
    11553042
    11361169
    49673002
    10534068
    11361084
      119356
      402074
     2724004
     4310004
    15322003
    19587002
    23523026
      402068
     7483014
      551077
     4794001
     7620016
    27762002
    23850005
     3058007
    11017065
      669166
     3020046
    34933004
     9692023
     3166028
    23542014
     6395003
      330001
    11728002
    20716006
    11348305
     7369005
    14017006
    47743004
    42613002
    14314025
     5366003
    10793035
     7020043
    10870084
    10542096
     9965007
    11819040
    41673004
     6811013
    23618042
      522008
     9372053
    11280116
    12530011
      126142
    14260004
       71007
    13472017
    11411017
    15351002
     1458002
    55223005
     9150008
